20
285
758
947
1273
1389
1678
1807
2095
2423
2746
3048
3198
3390
3694
3857
4193
4595
4619
5062
5121
5577
5853
5966
407
6311
6635
6727
6971
7397
7588
7800
8137
187
398
670
915
1227
1309
1537
1992
2094
2408
2802
2998
3084
3554
3826
4091
4237
4513
4698
5109
5245
5530
5713
6027
6195
6558
6833
7064
7170
7433
7866
7896
7988
7270
20
396
831
753
804
1067
1315
1537
1818
6678
2228
2417
2560
2817
3133
3386
3610
3960
4298
4577
4652
4980
5300
5447
7180
5804
6080
6245
6491
6792
6953
7231
7653
7844
8087
177
508
618
6278
893
1130
1472
1639
1973
2236
2536
2760
2872
3293
3402
3751
3887
4129
4528
4724
5110
5145
5446
5742
5980
6380
6430
6838
7101
7382
7653
7853
7999
56
418
6012
512
842
1102
1498
1594
1924
2055
2550
2756
2905
3238
3492
1531
3605
3881
4182
4473
4863
5000
1429
5346
5491
5860
4540
6009
6320
6473
6851
7027
7392
4157
7589
4404
7895
8128
243
379
515
5661
847
7280
1201
3440
4562
1519
1600
1821
2263
2352
2594
2889
7453
3253
3423
3634
3868
6691
4692
4197
4587
4822
4997
5184
5533
5798
5937
6242
6499
6870
6565
7137
7391
7629
7688
8026
154
289
732
8172
785
1259
1523
1670
1898
2261
2421
2686
3069
3220
3533
3603
6756
7517
3962
4245
4476
4640
5070
5305
5450
5773
5896
1926
2808
6152
6421
6672
7083
5199
7388
7645
7868
8130
1729
198
386
515
968
1119
1293
1777
1890
2078
2815
2334
2814
340
2905
3327
7115
3435
3803
4029
4207
4427
4852
4991
5297
5477
5841
5914
6300
6634
6704
7151
7310
7559
7724
6197
8103
5018
195
443
677
1000
1154
1297
1653
1807
2254
2449
2624
2858
3325
3413
3634
3840
4343
4448
4719
4983
5344
5436
2962
5774
5991
6314
6620
6825
6934
7187
7569
7726
8096
242
394
535
5380
962
1172
1305
2935
1645
1938
5789
2284
2326
3122
2707
2993
3137
1321
3550
3728
4038
4097
4488
4609
4864
5253
5591
5876
6004
2341
6234
5491
6441
6774
6975
7255
7444
7831
8145
119
462
706
844
1242
1415
1611
1943
799
2233
2450
2771
2914
3159
3497
3755
3907
4272
4488
7151
4768
5073
5142
5289
5529
5794
4178
6027
6244
6642
6771
7149
7415
7660
7875
3207
8086
244
452
722
847
1278
3787
1373
1666
1881
7806
2210
2331
2563
3037
3182
3395
3780
3870
4350
4416
4714
5018
5221
5519
5649
5891
6341
6569
6744
7111
7250
7464
7781
8130
196
289
632
1011
1143
1445
1591
7508
1217
1825
2215
2378
2779
2927
3202
3563
3737
4010
4206
4468
4645
4892
5283
5443
5784
5964
6227
6552
6737
7031
7320
7612
7731
7943
97
443
4158
753
923
1174
1481
1690
1927
2093
2351
2631
2899
3094
3367
3692
3483
4032
4280
4490
4632
4984
5342
5420
5674
6115
174
6376
6654
746
6835
7115
7262
7669
7704
7644
8102
244
439
633
936
1112
1343
1694
1805
2068
2502
2739
3060
3111
4936
3580
3793
3946
4232
4515
4751
911
4867
5124
5553
7864
5681
5966
6167
6439
6880
6925
7211
7447
1161
7777
1281
986
7976
23
397
550
788
1158
1452
1585
2026
2200
2528
2705
6485
2973
3318
3338
3657
3862
4208
58
4476
4684
6354
4895
5136
5440
5862
1876
5899
6312
6487
6873
7095
7247
7474
7756
7990
2053
67
4438
326
743
956
1098
1299
1051
1514
5538
1724
1999
2201
2458
2771
2842
3085
3458
3815
2855
4028
4188
4513
4696
4884
5211
5587
5877
5977
6201
6628
6829
7068
7182
7489
7739
7938
6
492
689
875
1232
1482
1768
7460
1933
2152
2414
2585
2914
3226
3402
3821
4078
4114
4402
4642
6690
5096
5362
5586
5442
7280
5787
5660
6118
6311
6416
6698
7039
7348
6669
7493
7823
8185
5314
154
454
754
797
1203
1482
1655
2032
2135
2443
2636
2991
3272
3447
3667
139
3935
4177
4565
4813
5054
5264
5589
5738
3904
6122
6188
6516
6765
7082
7379
7437
7698
8036
48
476
669
855
1045
1527
1703
1830
2104
2306
2687
3068
3271
3456
3625
4056
4282
4450
4657
5108
5988
5182
5540
292
5713
838
5978
4626
6352
6499
1577
6760
5750
6920
7225
7620
7802
8126
154
471
633
794
1232
1411
1722
1840
2113
2498
4484
2784
3059
3143
5073
3532
3774
4077
4260
8068
4445
4653
4928
5360
5630
3107
5688
5983
6180
6528
6725
6915
7219
7565
7744
7847
5421
4827
8143
187
273
614
4697
883
1126
1303
555
266
1723
1807
7285
2123
2557
2601
2868
3089
3369
3756
3988
4298
4560
4670
5084
5320
5624
5823
5903
790
6345
6567
6721
6947
7391
7542
7726
7984
240
351
694
1019
1095
1435
1579
1883
2130
2381
2665
3063
3257
3408
3802
3867
4123
5255
6544
4400
4649
4896
646
3480
5237
5417
5706
6001
6209
6135
6608
6742
6927
7323
5533
7454
7749
7954
145
405
603
847
1074
1350
43
1541
1812
2257
2539
2637
6348
4456
3066
3150
3372
3620
3960
4122
4496
4816
5016
5162
5614
5779
6009
6872
6293
6595
6795
7069
7198
7556
7774
8097
98
447
612
986
1176
1495
1739
1917
2110
2433
2770
2953
3131
3443
3690
3963
4237
4536
4749
5001
5155
5442
5681
966
6030
6264
6555
6715
6976
7382
7484
7876
7988
2774
172
363
650
6473
8063
911
1278
1369
1662
1885
2150
2315
2572
2916
3321
3338
3718
4016
4096
4527
5541
4812
4949
5218
5470
5879
6052
6372
6605
6813
6968
7265
7593
1105
7786
7988
8098
28
443
633
880
1117
1448
1595
1830
2266
2357
2611
2854
3154
3349
3674
4037
7704
4164
4519
4829
4886
7043
5171
3389
5572
5692
5936
6231
6551
6811
7003
7232
7531
7910
8186
246
463
522
796
1117
1437
1719
1872
2241
2349
2813
2872
3100
3503
3820
4041
4347
4427
