20
285
758
947
1273
1389
1678
1807
2095
2423
2746
3048
3198
3390
3694
3857
4193
4595
4619
5062
5121
5577
5853
5966
407
6311
6635
6727
6971
7397
7588
7800
8137
187
654
926
1171
1483
1565
1793
2248
2350
2664
3058
3254
3340
3810
4082
4347
4493
4769
4954
5365
5501
5786
5969
395
6195
6558
6833
7064
7170
7433
7866
7896
7988
7270
20
652
1087
1009
1316
1579
1827
2049
2330
6678
2740
2929
3072
3329
3645
3898
4122
4472
4810
5089
5164
5492
5812
5959
7180
428
6336
6501
7003
7560
7721
7999
229
676
1175
945
1532
1642
6534
1917
2154
2496
6759
2741
3004
3304
3528
3640
4061
4170
4519
4655
4897
5296
5492
5878
5913
7238
366
6236
7148
7454
7862
8125
214
741
1197
831
1336
1698
6268
6400
1866
2126
2522
6714
2692
2823
3318
3524
3673
4006
4260
2555
4373
4649
4950
5241
5631
5768
2453
6114
7283
484
5308
7033
7600
7753
8131
115
736
4925
1189
5172
983
1472
1779
6267
6403
285
1871
624
2225
4208
5330
6895
2624
2845
3287
3376
3618
3913
1053
4533
4703
5426
5660
7971
2388
5989
7403
7126
7557
7744
157
5030
817
1378
1635
6358
1701
6625
479
1997
520
2138
4250
5153
6876
2284
2577
3051
3315
3462
3690
4053
1141
4478
4861
5524
5837
7955
6244
1885
2426
6037
7292
6944
7630
7865
74
5005
776
3718
4600
1288
1557
6416
427
7759
732
4317
5308
6850
3521
2246
2690
2819
3272
3935
1037
4849
5474
5662
4607
7966
2046
2644
6233
2559
459
5995
7387
7101
7535
75
5108
895
3761
1381
1745
6426
7836
746
4144
5359
6798
3463
2092
7733
2983
922
3267
4027
1189
4840
5506
5649
4469
7951
1998
2705
6208
2346
509
5973
7218
6912
7671
96
4975
3703
1504
1596
2450
6542
615
4266
5340
6825
3350
2067
7825
2862
928
3314
3978
1047
1540
4802
5524
5657
2423
4461
8082
6557
2028
2582
306
6291
6065
7233
5673
7134
7568
198
4865
3720
1281
512
4229
5335
6900
3444
2597
2138
5235
7721
2934
831
3159
3860
1175
1745
4727
5582
2498
4428
8154
6535
1867
407
4383
6329
6034
7379
5730
6999
7593
171
4931
2736
3720
1007
1440
721
4118
6825
3481
2210
2642
5259
7780
3058
3187
4077
1271
1772
4803
7047
5526
2548
8132
6610
1871
510
203
4445
6274
5977
4734
7330
5659
7427
5085
3694
4163
964
1310
766
6720
3434
2202
2661
5263
7697
2819
3269
4009
1112
1735
6994
5416
2405
8130
6596
1825
376
243
4471
6309
5943
5460
4545
4641
7335
5706
7643
4975
3714
4331
921
1450
622
6772
3365
2076
2723
5187
7832
2892
3155
3992
1105
1655
7064
2492
7987
6407
1889
443
574
241
6299
6038
5577
4506
4743
7213
5679
7495
4947
3606
4135
876
4251
1472
6840
3466
2072
2680
5342
7724
2858
3299
1966
4072
1278
234
1715
7115
2398
8181
6424
8156
422
756
6327
6009
5544
4440
4671
7326
5645
7444
5062
3763
1012
4135
2632
1532
6865
3434
2184
5283
7823
5519
2819
3076
1969
6584
3889
1102
23
1575
7136
2317
7979
279
4489
609
4609
5594
6184
5911
7309
5670
7444
4998
3756
817
4330
2712
1504
6801
1621
3485
2294
5130
7753
2838
3184
5946
4732
1868
210
6431
3856
1088
7142
4180
2315
8104
343
4569
695
5455
6194
7244
5686
2565
7491
4694
4934
3815
956
1354
6675
1563
3562
1186
2236
5327
7833
1434
3027
3098
5901
1922
231
3111
6588
3932
7073
4184
2324
8027
467
4597
601
5433
6372
7341
5788
2574
7489
4667
4866
3590
1004
6833
1643
1232
3530
2280
7460
5261
7784
1390
2841
5986
1946
74
3309
6638
3858
6962
4130
7202
2536
8178
466
4418
2672
667
5404
6374
5799
4624
4906
3711
948
4877
6725
1679
1273
8130
3482
2246
7666
5149
7859
1482
2935
6128
1879
139
3148
6575
4040
7031
4179
3467
7263
2385
469
4557
2750
656
5589
6250
7232
5866
4652
3700
877
5034
6867
1549
1042
8036
2096
7644
5277
7767
1301
3063
6055
1830
56
3074
6527
4092
7111
4224
3369
2520
442
4450
2609
756
5732
5438
6308
7460
7249
7750
4698
2578
3792
867
5929
4968
7286
6664
1593
1220
8058
2238
5274
1495
2937
1818
208
3203
6586
3888
6977
4290
4484
3552
2547
327
721
5836
5566
6381
7588
2180
7773
4653
2624
3824
1022
291
5944
4959
7204
6784
1605
1027
7987
5261
1344
1447
813
4827
3023
1979
17
3174
4697
6515
3942
6935
3115
10
4283
4367
8053
3403
2557
553
5684
5393
6185
7596
2196
7882
2768
3646
476
6088
5112
7359
6671
6422
1737
1191
5185
1315
991
2934
1838
4656
4080
7007
3254
251
4167
4507
7979
3419
2386
589
5737
5623
6329
7504
2266
7707
2587
6023
1168
3632
297
4896
3206
7576
7285
6697
6474
1649
5185
1783
1488
854
2831
1947
6813
4638
3909
6930
145
4245
4443
8015
3378
2374
43
517
5652
5585
6379
2125
5324
3688
7930
2638
5932
1060
376
4890
3216
7632
7320
6442
1774
1427
889
3032
1941
6851
4747
3997
6942
4228
4446
8097
3426
2495
100
730
5784
5591
6347
2173
5182
3713
7890
2697
5947
1139
362
4987
3213
7608
7309
6537
1571
1346
817
710
2958
1912
6811
4667
3904
7126
4156
4548
7988
7894
3500
2411
138
6729
8063
5775
5630
6233
2174
5213
3686
523
2572
5988
1273
266
4998
3248
7424
7343
1445
6604
1621
866
2910
2039
4772
4068
7117
4253
4408
7777
3497
5457
2410
7988
162
6684
5819
6265
2160
5213
3752
571
2598
6106
1077
307
4902
3154
7445
7258
1477
2328
6468
1703
989
2838
4483
1843
7485
4804
3900
6960
4183
7831
3483
5467
8000
107
6886
5882
6390
2255
5130
3612
605
2717
6071
1104
449
4909
3325
7224
1308
2479
6636
1737
1019
2891
